# Ellipse table for galaxy UGC1317
# Zeropoint: 30.0022
#SMA        INT         INT_ERR     PA           PA_ERR      ELLIP       ELLIP_ERR   TFLUX       TFLUX_ERR   NPIX        NDATA       X0          Y0          FLAG        
#ARCSEC     W/m2/strad/arcsec2W/m2/strad/arcsec2DEGREE       DEGREE      NO DIM      NO DIM      W/m2        W/m2        NUMBER      NUMBER      PIXEL       :PIXEL       
3.568757525000000319e-01 5.424764791365490800e-08 1.558513223009097315e-10 -8.456998000000000104e+01 6.517368000000000272e+00 3.619061000000000083e-01 6.520378999999999758e-02 2.621562755856882437e-08 7.354100801347848069e-11 1.000000000000000000e+00 1.300000000000000000e+01 5.639904000000000224e+02 4.249171999999999798e+02 0.000000000000000000e+00
3.925632935000000212e-01 5.409731284266377742e-08 1.558422243139239276e-10 -8.402142999999999518e+01 6.382781999999999734e+00 3.655715999999999966e-01 6.435971999999999527e-02 2.621562755856882437e-08 7.354100801347848069e-11 1.000000000000000000e+00 1.300000000000000000e+01 5.639892999999999574e+02 4.249087999999999852e+02 0.000000000000000000e+00
4.318196160000000172e-01 5.393216781114749623e-08 1.558348749012922237e-10 -8.343618999999999630e+01 6.200947000000000209e+00 3.687621999999999844e-01 6.294882000000000255e-02 2.621562755856882437e-08 7.354100801347848069e-11 1.000000000000000000e+00 1.300000000000000000e+01 5.639873999999999796e+02 4.248994000000000142e+02 0.000000000000000000e+00
4.750016049999999934e-01 5.374365018694261557e-08 1.557625071383301053e-10 -8.281676000000000215e+01 5.976227999999999874e+00 3.691266999999999743e-01 6.071399000000000240e-02 2.621562755856882437e-08 7.354100801347848069e-11 1.000000000000000000e+00 1.300000000000000000e+01 5.639829999999999472e+02 4.248881999999999834e+02 0.000000000000000000e+00
5.225017655000000483e-01 5.353893541588306198e-08 1.556842191074446464e-10 -8.214967000000000041e+01 5.737322999999999951e+00 3.699764999999999859e-01 5.839062999999999892e-02 2.621562755856882437e-08 7.354100801347848069e-11 1.000000000000000000e+00 1.300000000000000000e+01 5.639772000000000389e+02 4.248756999999999948e+02 0.000000000000000000e+00
5.747519899999999904e-01 5.331736483395627772e-08 1.555961121037791030e-10 -8.142853999999999814e+01 5.484284999999999854e+00 3.714877999999999791e-01 5.599140999999999840e-02 2.621562755856882437e-08 7.354100801347848069e-11 1.000000000000000000e+00 1.300000000000000000e+01 5.639699000000000524e+02 4.248616999999999848e+02 0.000000000000000000e+00
6.322271890000000782e-01 5.307860910915599056e-08 1.554903796171578426e-10 -8.065004999999999313e+01 4.971524999999999750e+00 3.737987999999999866e-01 5.099970000000000198e-02 2.621562755856882437e-08 7.354100801347848069e-11 1.000000000000000000e+00 1.300000000000000000e+01 5.639605999999999995e+02 4.248460999999999785e+02 0.000000000000000000e+00
6.954496750000001004e-01 5.276546426996589626e-08 1.554170504222119400e-10 -7.947562000000000637e+01 4.595082999999999807e+00 3.622091000000000061e-01 4.600202999999999931e-02 2.621562755856882437e-08 7.354100801347848069e-11 1.000000000000000000e+00 1.300000000000000000e+01 5.639589999999999463e+02 4.248261999999999716e+02 0.000000000000000000e+00
7.649949850000000717e-01 5.233282181128244803e-08 1.555636322713795606e-10 -7.765639000000000181e+01 4.726301999999999559e+00 3.303324000000000260e-01 4.399147999999999947e-02 7.641852965512593638e-08 1.262010370185461506e-10 3.000000000000000000e+00 1.300000000000000000e+01 5.639547999999999774e+02 4.247982000000000085e+02 0.000000000000000000e+00
8.414944149999999956e-01 5.177881551840336810e-08 1.546982459157688978e-10 -7.722580999999999563e+01 3.600172999999999845e+00 3.093231000000000175e-01 3.177329999999999738e-02 7.641852965512593638e-08 1.262010370185461506e-10 3.000000000000000000e+00 1.300000000000000000e+01 5.639519999999999982e+02 4.247862000000000080e+02 0.000000000000000000e+00
9.256439250000000341e-01 5.111665859061119640e-08 1.535021542236712686e-10 -7.676342999999999961e+01 2.620371000000000006e+00 2.971947999999999812e-01 2.237870000000000137e-02 7.641852965512593638e-08 1.262010370185461506e-10 3.000000000000000000e+00 1.300000000000000000e+01 5.639640000000000555e+02 4.247884999999999991e+02 0.000000000000000000e+00
1.018207975000000154e+00 5.033121173537449684e-08 1.524961694469775860e-10 -7.596268000000000598e+01 2.119044999999999845e+00 2.839517999999999764e-01 1.742530000000000120e-02 1.246903960107931526e-07 1.618232515402390374e-10 5.000000000000000000e+00 1.300000000000000000e+01 5.639800000000000182e+02 4.248014000000000010e+02 0.000000000000000000e+00
1.120029115000000131e+00 4.942281426445731693e-08 1.514795867694129391e-10 -7.584646999999999650e+01 1.647089999999999943e+00 2.706707999999999892e-01 1.301073999999999981e-02 1.718492190821148608e-07 1.905201050649810415e-10 7.000000000000000000e+00 1.300000000000000000e+01 5.639976000000000340e+02 4.248140999999999963e+02 0.000000000000000000e+00
1.232032095000000105e+00 4.845577573690552021e-08 1.505375098203412581e-10 -7.754156999999999300e+01 1.436870000000000092e+00 2.730490999999999890e-01 1.143415000000000056e-02 1.718492190821148608e-07 1.905201050649810415e-10 7.000000000000000000e+00 1.300000000000000000e+01 5.640073999999999614e+02 4.248016000000000076e+02 0.000000000000000000e+00
1.355235509999999977e+00 4.741277129323686941e-08 1.500030284868412746e-10 -7.844594999999999629e+01 1.533274999999999944e+00 2.782850000000000046e-01 1.239758000000000006e-02 2.175765717441152634e-07 2.149826400845916666e-10 9.000000000000000000e+00 1.300000000000000000e+01 5.640145999999999731e+02 4.247880999999999858e+02 0.000000000000000000e+00
1.490758650000000074e+00 4.614371535640437034e-08 1.491226050241086402e-10 -7.787417999999999552e+01 1.613563999999999998e+00 2.786232000000000153e-01 1.317107999999999994e-02 2.621657815719191535e-07 2.366112533252003100e-10 1.100000000000000000e+01 1.300000000000000000e+01 5.640080000000000382e+02 4.247617000000000189e+02 0.000000000000000000e+00
1.639834514999999993e+00 4.495048561908001745e-08 1.475078070730567440e-10 -7.844584000000000401e+01 1.135202000000000044e+00 2.930026000000000019e-01 9.268224999999999728e-03 3.050543095872420750e-07 2.559779203259847634e-10 1.300000000000000000e+01 1.400000000000000000e+01 5.640303000000000111e+02 4.247452999999999861e+02 0.000000000000000000e+00
1.803818720000000209e+00 4.341118782169463241e-08 1.451922244338049034e-10 -7.764526999999999646e+01 4.586525000000000185e-01 2.892061000000000215e-01 3.912101000000000293e-03 3.456741379921493015e-07 2.734245238940768069e-10 1.500000000000000000e+01 1.400000000000000000e+01 5.640193000000000438e+02 4.247028999999999996e+02 0.000000000000000000e+00
1.984200455000000307e+00 4.163587873289467252e-08 1.439098501938870008e-10 -7.812389000000000294e+01 7.895054000000000238e-01 2.843024000000000107e-01 6.374913999999999754e-03 4.243484428626183777e-07 3.047790896879649173e-10 1.900000000000000000e+01 1.600000000000000000e+01 5.640756999999999834e+02 4.246512000000000171e+02 0.000000000000000000e+00
2.182620294999999988e+00 3.984807498737132899e-08 1.420418924223766590e-10 -7.843813000000000102e+01 6.928900999999999533e-01 2.822754000000000096e-01 5.750909000000000229e-03 5.371579950479363538e-07 3.455261210903001261e-10 2.500000000000000000e+01 1.700000000000000000e+01 5.640937000000000126e+02 4.246139999999999759e+02 0.000000000000000000e+00
2.400882530000000070e+00 3.822693319654474813e-08 1.404643971581611957e-10 -7.897451999999999828e+01 6.209592999999999918e-01 2.956181999999999976e-01 5.221291999999999774e-03 5.742060544885012491e-07 3.579758337732381028e-10 2.700000000000000000e+01 1.900000000000000000e+01 5.641407000000000380e+02 4.245690999999999917e+02 0.000000000000000000e+00
2.640970920000000000e+00 3.621761874764123875e-08 1.386783295109815607e-10 -7.957308000000000447e+01 7.533547999999999911e-01 2.911079999999999779e-01 6.253110000000000092e-03 6.431726870064181417e-07 3.807587202940391556e-10 3.100000000000000000e+01 2.100000000000000000e+01 5.642038000000000011e+02 4.245045000000000073e+02 0.000000000000000000e+00
2.905067874999999855e+00 3.432804143241745110e-08 1.370512443776393068e-10 -8.031297000000000708e+01 8.357660999999999563e-01 2.897816999999999754e-01 6.943928999999999727e-03 8.097227167987154147e-07 4.315884195278827347e-10 4.100000000000000000e+01 2.300000000000000000e+01 5.642826999999999771e+02 4.244180000000000064e+02 0.000000000000000000e+00
3.195574320000000412e+00 3.241404364993960899e-08 1.354937650189356224e-10 -8.118715000000000259e+01 9.491874999999999618e-01 2.911486999999999825e-01 7.992934000000000150e-03 9.366885087550524677e-07 4.673994060376414120e-10 4.900000000000000000e+01 2.500000000000000000e+01 5.643594000000000506e+02 4.243297000000000025e+02 0.000000000000000000e+00
3.515132299999999876e+00 3.062694846721767958e-08 1.340965772594277920e-10 -8.193801000000000556e+01 1.076213000000000086e+00 2.950354000000000032e-01 9.295414000000000107e-03 1.084345976257426077e-06 5.071744026223907130e-10 5.900000000000000000e+01 2.700000000000000000e+01 5.644466999999999643e+02 4.242031999999999812e+02 0.000000000000000000e+00
3.866645530000000441e+00 2.890895312726942264e-08 1.328993992264353645e-10 -8.303831999999999880e+01 1.247012000000000009e+00 3.019547000000000203e-01 1.081348000000000031e-02 1.224578940720842340e-06 5.431355251887902937e-10 6.900000000000000000e+01 3.000000000000000000e+01 5.645564000000000533e+02 4.240742000000000189e+02 0.000000000000000000e+00
4.253310220000000363e+00 2.720096748436073546e-08 1.322494904701334117e-10 -8.321939000000000419e+01 1.439808999999999894e+00 3.054319999999999813e-01 1.294559999999999982e-02 1.435507409680720720e-06 5.946679482164184218e-10 8.500000000000000000e+01 3.200000000000000000e+01 5.646539000000000215e+02 4.239386999999999830e+02 0.000000000000000000e+00
4.678641790000000356e+00 2.555831931554783288e-08 1.322329110763567826e-10 -8.271371999999999503e+01 1.720491999999999910e+00 3.122513000000000094e-01 1.574597000000000149e-02 1.609477259760137524e-06 6.352301219657234894e-10 9.900000000000000000e+01 3.500000000000000000e+01 5.647355000000000018e+02 4.237896999999999821e+02 0.000000000000000000e+00
5.146505695000000102e+00 2.404181528490061549e-08 1.316024714430069698e-10 -8.184882000000000346e+01 1.882552000000000003e+00 3.225859999999999839e-01 1.730968999999999910e-02 1.884691014225604628e-06 6.971072452094882624e-10 1.230000000000000000e+02 3.900000000000000000e+01 5.647661000000000513e+02 4.236374999999999886e+02 0.000000000000000000e+00
5.661156470000000773e+00 2.260044885047566080e-08 1.309918428954557854e-10 -8.071850999999999487e+01 2.132641000000000009e+00 3.355677000000000243e-01 2.041787999999999936e-02 2.102941902234374414e-06 7.437575062265648930e-10 1.430000000000000000e+02 4.200000000000000000e+01 5.647462000000000444e+02 4.234775999999999954e+02 0.000000000000000000e+00
6.227272665000000096e+00 2.136388700493014763e-08 1.304614993437885932e-10 -7.852361999999999398e+01 2.316714000000000162e+00 3.526887000000000216e-01 2.330217000000000052e-02 2.311492938086161698e-06 7.868253766687133622e-10 1.630000000000000000e+02 4.500000000000000000e+01 5.646865000000000236e+02 4.233288000000000011e+02 0.000000000000000000e+00
6.850000000000000533e+00 2.024277099722487635e-08 1.285763190639132843e-10 -7.722191999999999723e+01 2.322550999999999810e+00 3.691219000000000028e-01 2.405517000000000072e-02 2.647579188517771508e-06 8.536321414378855750e-10 1.970000000000000000e+02 4.900000000000000000e+01 5.646377999999999702e+02 4.231972000000000094e+02 0.000000000000000000e+00
7.535000000000000142e+00 1.938427231513905876e-08 1.269198497267859049e-10 -7.653131000000000483e+01 2.186522000000000077e+00 3.970994999999999941e-01 2.365147000000000083e-02 2.946676850457157844e-06 9.107859529017121244e-10 2.290000000000000000e+02 5.300000000000000000e+01 5.646526000000000067e+02 4.231143999999999892e+02 0.000000000000000000e+00
8.288500000000000867e+00 1.858893551995597995e-08 1.258259841518197749e-10 -7.604950999999999794e+01 2.103216999999999892e+00 4.253979999999999984e-01 2.414507000000000111e-02 3.284852544758829606e-06 9.731431155717546140e-10 2.670000000000000000e+02 5.600000000000000000e+01 5.646851000000000340e+02 4.230543000000000120e+02 0.000000000000000000e+00
9.117350000000001842e+00 1.778949704433096909e-08 1.239720532661451831e-10 -7.519414999999999338e+01 1.846144999999999925e+00 4.443064999999999931e-01 2.159714000000000078e-02 3.626788020511134307e-06 1.033822352440991560e-09 3.070000000000000000e+02 6.100000000000000000e+01 5.647115000000000009e+02 4.230264000000000237e+02 0.000000000000000000e+00
1.002908500000000025e+01 1.710489564132244586e-08 1.210955229166838689e-10 -7.412832000000000221e+01 1.415394999999999959e+00 4.718973000000000195e-01 1.722415999999999878e-02 4.024659435242089749e-06 1.101480884818322722e-09 3.550000000000000000e+02 6.500000000000000000e+01 5.648179000000000087e+02 4.230708000000000197e+02 0.000000000000000000e+00
1.103199350000000045e+01 1.646940462628175487e-08 1.179944945420325020e-10 -7.270385000000000275e+01 9.779685999999999657e-01 4.975592999999999821e-01 1.234942999999999978e-02 4.464733682636747489e-06 1.174131415461161209e-09 4.110000000000000000e+02 6.900000000000000000e+01 5.651639999999999873e+02 4.232549000000000206e+02 0.000000000000000000e+00
1.213519285000000281e+01 1.595033746534239687e-08 1.162218396764575085e-10 -7.143025000000000091e+01 6.035513999999999601e-01 5.259698000000000428e-01 7.781823000000000212e-03 4.860579807197820111e-06 1.237088660364469987e-09 4.630000000000000000e+02 7.400000000000000000e+01 5.657050000000000409e+02 4.235342999999999734e+02 0.000000000000000000e+00
1.334871144999999970e+01 1.512323510118927362e-08 1.148501329390001493e-10 -7.072762000000000171e+01 4.727940999999999949e-01 5.415653000000000272e-01 6.245549000000000413e-03 5.507304361473270156e-06 1.335734709154181757e-09 5.510000000000000000e+02 7.900000000000000000e+01 5.659524000000000115e+02 4.236977999999999724e+02 0.000000000000000000e+00
1.468358465000000201e+01 1.430894674600804425e-08 1.141331819394659398e-10 -7.020633999999999730e+01 4.540204999999999935e-01 5.584641000000000188e-01 6.081406999999999612e-03 6.103638759771669023e-06 1.423882929790795964e-09 6.370000000000000000e+02 8.500000000000000000e+01 5.663214000000000397e+02 4.238983000000000061e+02 0.000000000000000000e+00
1.615194380000000152e+01 1.333984240859863352e-08 1.129247681627295315e-10 -7.028289999999999793e+01 4.218645999999999785e-01 5.712770000000000348e-01 5.697970999999999592e-03 6.868637450317167976e-06 1.534304448706389753e-09 7.550000000000000000e+02 9.200000000000000000e+01 5.666728000000000520e+02 4.240471999999999753e+02 0.000000000000000000e+00
1.776713954999999956e+01 1.233690669236155607e-08 1.114442806323752039e-10 -7.089063000000000159e+01 3.811285999999999841e-01 5.845957000000000514e-01 5.211045000000000087e-03 7.628361957467663463e-06 1.641718171523295397e-09 8.810000000000000000e+02 9.900000000000000000e+01 5.667816000000000258e+02 4.240624000000000251e+02 0.000000000000000000e+00
1.954385145000000179e+01 1.154482329821028397e-08 1.102225372085589923e-10 -7.149698999999999671e+01 3.680248999999999882e-01 6.047301000000000482e-01 5.079125000000000306e-03 8.334419787180145356e-06 1.740461647716917521e-09 1.007000000000000000e+03 1.060000000000000000e+02 5.665548999999999751e+02 4.239743000000000279e+02 0.000000000000000000e+00
2.149823180000000278e+01 1.097433044550132181e-08 1.099557712750728339e-10 -7.179673999999999978e+01 4.074842000000000186e-01 6.298422999999999661e-01 5.696086999999999852e-03 9.058478114957434145e-06 1.839725910659055526e-09 1.143000000000000000e+03 1.120000000000000000e+02 5.662791999999999462e+02 4.239008000000000038e+02 0.000000000000000000e+00
2.364805635000000095e+01 1.060173618929754501e-08 1.106326709642292666e-10 -7.188697000000000514e+01 4.750150000000000206e-01 6.575347999999999749e-01 6.732293000000000305e-03 9.777133483664178409e-06 1.935679851368254375e-09 1.283000000000000000e+03 1.170000000000000000e+02 5.659054999999999609e+02 4.238088999999999942e+02 0.000000000000000000e+00
2.601286130000000441e+01 9.949740650862989895e-09 1.096807768618959337e-10 -7.250122000000000355e+01 3.632288000000000183e-01 6.767398999999999498e-01 5.140310000000000365e-03 1.070153398332145247e-05 2.057107076907208460e-09 1.473000000000000000e+03 1.250000000000000000e+02 5.655463999999999487e+02 4.237273000000000138e+02 0.000000000000000000e+00
2.861414880000000238e+01 8.924977208439523471e-09 1.082014450059880371e-10 -7.375155999999999779e+01 3.612155000000000227e-01 6.857596999999999721e-01 5.123242000000000074e-03 1.181879549052251491e-05 2.206304551715452571e-09 1.729000000000000000e+03 1.350000000000000000e+02 5.641748000000000047e+02 4.233946000000000254e+02 0.000000000000000000e+00
3.147556505000000371e+01 7.722074091912317718e-09 1.051014029015127547e-10 -7.425898999999999717e+01 2.180508999999999920e-01 6.903101000000000376e-01 3.097612000000000022e-03 1.311516008036767694e-05 2.381657966431686020e-09 2.061000000000000000e+03 1.470000000000000000e+02 5.624918999999999869e+02 4.229331000000000245e+02 0.000000000000000000e+00
3.462312635000000682e+01 6.341469412647313878e-09 1.030045915474822455e-10 -7.453972000000000264e+01 2.565199000000000229e-01 6.895175999999999528e-01 3.642909000000000164e-03 1.453161571419598644e-05 2.586611998253949775e-09 2.497000000000000000e+03 1.620000000000000000e+02 5.623624999999999545e+02 4.228086999999999875e+02 0.000000000000000000e+00
3.808543829999999986e+01 5.617658539350886482e-09 1.015673979936616914e-10 -7.498073999999999728e+01 1.997126999999999930e-01 7.014740999999999893e-01 2.837506000000000056e-03 1.565664871634719484e-05 2.759132810326217359e-09 2.903000000000000000e+03 1.740000000000000000e+02 5.638976000000000113e+02 4.230656000000000176e+02 0.000000000000000000e+00
4.189398350000000448e+01 4.802071817684265673e-09 1.003614168298014241e-10 -7.619056999999999391e+01 2.427363999999999911e-01 7.027265999999999790e-01 3.447344000000000189e-03 1.705644030948522651e-05 2.983080118323586262e-09 3.481000000000000000e+03 1.910000000000000000e+02 5.657700999999999567e+02 4.229974000000000274e+02 0.000000000000000000e+00
4.608338870000000043e+01 4.268045997829040833e-09 9.952800791569215392e-11 -7.748633999999999844e+01 2.613572000000000117e-01 7.078077999999999870e-01 3.726291999999999972e-03 1.847921578519393668e-05 3.221471197636034868e-09 4.159000000000000000e+03 2.070000000000000000e+02 5.666414999999999509e+02 4.226102000000000203e+02 0.000000000000000000e+00
5.069172620000000506e+01 3.625855571399849375e-09 9.857375709728986163e-11 -7.882468000000000075e+01 2.782308000000000003e-01 6.931137000000000548e-01 3.960174000000000333e-03 2.055995910234084581e-05 3.576699761165947501e-09 5.283000000000000000e+03 2.350000000000000000e+02 5.647177000000000362e+02 4.213301999999999907e+02 0.000000000000000000e+00
5.576089745000000875e+01 2.769539462337517705e-09 9.734424811737811133e-11 -7.876561999999999841e+01 2.424171999999999993e-01 6.483411000000000035e-01 3.407687999999999863e-03 2.368253977938646241e-05 4.135629212739425023e-09 7.331000000000000000e+03 2.820000000000000000e+02 5.598115999999999985e+02 4.214041000000000281e+02 0.000000000000000000e+00
6.133698925000000202e+01 2.128533633155182973e-09 9.624050037448870296e-11 -7.639092999999999734e+01 2.057139000000000051e-01 6.484345000000000248e-01 2.893151000000000056e-03 2.544532611984211054e-05 4.498879931510275024e-09 8.857000000000000000e+03 3.100000000000000000e+02 5.607465999999999440e+02 4.221569999999999823e+02 0.000000000000000000e+00
6.747069160000000920e+01 1.726565955917933945e-09 9.558898283784301915e-11 -7.491057000000000698e+01 1.849574999999999969e-01 6.603031000000000317e-01 2.609810000000000168e-03 2.680563181293277750e-05 4.825012467257867018e-09 1.036100000000000000e+04 3.340000000000000000e+02 5.610085000000000264e+02 4.226397999999999797e+02 0.000000000000000000e+00
7.421776350000000377e+01 1.493033636332500413e-09 9.523095986397373039e-11 -7.404358999999999469e+01 1.672686999999999924e-01 6.800823999999999758e-01 2.370858999999999901e-03 2.788642966812264528e-05 5.115302854923340526e-09 1.180300000000000000e+04 3.540000000000000000e+02 5.624195999999999458e+02 4.233050000000000068e+02 0.000000000000000000e+00
8.163953300000000013e+01 1.126859358299764183e-09 9.465242313604626651e-11 -7.370131000000000654e+01 1.533342000000000038e-01 6.846221000000000112e-01 2.174725000000000182e-03 2.930269049947449789e-05 5.539482376676747540e-09 1.408100000000000000e+04 3.860000000000000000e+02 5.614274000000000342e+02 4.235951999999999771e+02 0.000000000000000000e+00
8.980349999999999966e+01 8.633398625782352555e-10 9.424576037138082339e-11 -7.461529000000000167e+01 1.646173999999999971e-01 6.863899999999999446e-01 2.341077000000000002e-03 3.063150936920726655e-05 6.022422166445055165e-09 1.692500000000000000e+04 4.220000000000000000e+02 5.610883999999999787e+02 4.241549999999999727e+02 0.000000000000000000e+00
9.878385000000001526e+01 6.331305029362374562e-10 9.389568551852343105e-11 -7.694804000000000599e+01 1.854436999999999891e-01 6.716906999999999739e-01 2.732439000000000135e-03 3.218647143689636351e-05 6.691245572192965345e-09 2.128900000000000000e+04 4.570000000000000000e+02 5.552644000000000233e+02 4.254087999999999852e+02 0.000000000000000000e+00
1.086622350000000097e+02 4.355098426848467427e-10 9.359610495990919140e-11 -7.747642999999999347e+01 2.536861000000000255e-01 6.670277999999999485e-01 3.774368000000000167e-03 3.329442925274592760e-05 7.300150166621315024e-09 2.569300000000000000e+04 4.980000000000000000e+02 5.542826999999999771e+02 4.259166999999999916e+02 0.000000000000000000e+00
1.195284585000000135e+02 2.913328810209755614e-10 9.336836480675930249e-11 -7.747642999999999347e+01 3.038090999999999986e-01 6.670277999999999485e-01 4.525541000000000112e-03 3.415713449693914448e-05 7.934564241683354542e-09 3.071700000000000000e+04 5.420000000000000000e+02 5.542826999999999771e+02 4.259166999999999916e+02 2.000000000000000000e+00
1.314812975000000108e+02 2.351395595736927028e-10 9.328138367637947696e-11 -7.854973999999999990e+01 3.186300000000000243e-01 6.760078999999999949e-01 4.787663999999999635e-03 3.475204252902772584e-05 8.481315776837488392e-09 3.539700000000000000e+04 5.730000000000000000e+02 5.490399999999999636e+02 4.243039999999999736e+02 0.000000000000000000e+00
1.446294615000000192e+02 1.379116697382063444e-10 9.312999245923485730e-11 -7.676761999999999375e+01 3.311643000000000225e-01 6.502033000000000396e-01 5.004256999999999803e-03 3.566871929780360257e-05 9.583963062844343713e-09 4.581200000000000000e+04 6.420000000000000000e+02 5.515401000000000522e+02 4.261549999999999727e+02 0.000000000000000000e+00
1.590923460000000205e+02 1.115086238062901642e-10 9.308863385744879690e-11 -7.902862000000000364e+01 4.439835999999999783e-01 6.538017999999999885e-01 6.715368000000000205e-03 3.608955258617159678e-05 1.021171655621261000e-08 5.232000000000000000e+04 6.680000000000000000e+02 5.309917000000000371e+02 4.232348000000000070e+02 0.000000000000000000e+00
1.750016080000000045e+02 9.712000865403396588e-11 9.306715318118628704e-11 -7.762623000000000673e+01 4.312629000000000046e-01 6.658944999999999448e-01 6.657620999999999852e-03 3.640274252149189831e-05 1.075220891432300588e-08 5.825900000000000000e+04 6.550000000000000000e+02 5.123393999999999551e+02 4.163904999999999745e+02 2.000000000000000000e+00
1.925017825000000187e+02 6.450739776381883153e-11 9.301608314154201504e-11 -8.093232999999999322e+01 6.013235000000000108e-01 6.531865000000000032e-01 9.668970000000000689e-03 3.688943777790929971e-05 1.177861612005174396e-08 7.039100000000000000e+04 7.370000000000000000e+02 4.927891999999999939e+02 4.205076999999999998e+02 0.000000000000000000e+00
2.117519950000000222e+02 6.265091332534801157e-11 9.301523309351493979e-11 -8.093232999999999322e+01 6.517368000000000272e+00 6.531865000000000032e-01 6.520378999999999758e-02 3.728271775446321130e-05 1.273326837846578721e-08 8.267400000000000000e+04 9.370000000000000000e+02 4.667307999999999879e+02 4.071621999999999844e+02 4.000000000000000000e+00
