# Ellipse table for galaxy UGC1317
# Zeropoint: 30.0022
#SMA        INT         INT_ERR     PA           PA_ERR      ELLIP       ELLIP_ERR   TFLUX       TFLUX_ERR   NPIX        NDATA       X0          Y0          FLAG        
#ARCSEC     W/m2/strad/arcsec2W/m2/strad/arcsec2DEGREE       DEGREE      NO DIM      NO DIM      W/m2        W/m2        NUMBER      NUMBER      PIXEL       :PIXEL       
3.568758895000000431e-01 5.190222520294109308e-08 1.680177745289411851e-10 -7.609699999999999420e+01 5.341567999999999650e+00 6.685330000000000439e-01 8.023943999999999521e-02 2.469567655327081132e-08 7.214513976775311020e-11 1.000000000000000000e+00 1.300000000000000000e+01 5.640000000000000000e+02 4.240000000000000000e+02 0.000000000000000000e+00
3.925634989999999824e-01 5.183101963127873868e-08 1.708645316905367635e-10 -7.609699999999999420e+01 5.324440000000000062e+00 6.685330000000000439e-01 7.998215000000000185e-02 2.469567655327081132e-08 7.214513976775311020e-11 1.000000000000000000e+00 1.300000000000000000e+01 5.640000000000000000e+02 4.240000000000000000e+02 0.000000000000000000e+00
4.318198214999999784e-01 5.175291804699989346e-08 1.742377981635164878e-10 -7.609699999999999420e+01 5.304733999999999838e+00 6.685330000000000439e-01 7.968612999999999391e-02 2.469567655327081132e-08 7.214513976775311020e-11 1.000000000000000000e+00 1.300000000000000000e+01 5.640000000000000000e+02 4.240000000000000000e+02 0.000000000000000000e+00
4.750018105000000657e-01 5.166720190754538127e-08 1.782136924145609604e-10 -7.609699999999999420e+01 5.284970999999999641e+00 6.685330000000000439e-01 7.938926000000000316e-02 2.469567655327081132e-08 7.214513976775311020e-11 1.000000000000000000e+00 1.300000000000000000e+01 5.640000000000000000e+02 4.240000000000000000e+02 0.000000000000000000e+00
5.225020395000000706e-01 5.157320256914485592e-08 1.828858331974734672e-10 -7.609699999999999420e+01 5.266547000000000089e+00 6.685330000000000439e-01 7.911250000000000226e-02 2.469567655327081132e-08 7.214513976775311020e-11 1.000000000000000000e+00 1.300000000000000000e+01 5.640000000000000000e+02 4.240000000000000000e+02 0.000000000000000000e+00
5.747521955000001181e-01 5.147023142851246701e-08 1.883481453412407566e-10 -7.609699999999999420e+01 5.242073999999999678e+00 6.685330000000000439e-01 7.874486999999999459e-02 2.469567655327081132e-08 7.214513976775311020e-11 1.000000000000000000e+00 1.300000000000000000e+01 5.640000000000000000e+02 4.240000000000000000e+02 0.000000000000000000e+00
6.322274630000001006e-01 5.135736036817592361e-08 1.947062728423585355e-10 -7.609699999999999420e+01 5.215996999999999773e+00 6.685330000000000439e-01 7.835314999999999641e-02 2.469567655327081132e-08 7.214513976775311020e-11 1.000000000000000000e+00 1.300000000000000000e+01 5.640000000000000000e+02 4.240000000000000000e+02 0.000000000000000000e+00
6.954503600000000452e-01 5.123371116945181099e-08 2.020735446422306115e-10 -7.609699999999999420e+01 4.220324999999999882e+00 6.685330000000000439e-01 6.339646999999999644e-02 2.469567655327081132e-08 7.214513976775311020e-11 1.000000000000000000e+00 1.300000000000000000e+01 5.640000000000000000e+02 4.240000000000000000e+02 0.000000000000000000e+00
7.649949850000000717e-01 5.106727874918368056e-08 2.110998210394810140e-10 -7.609699999999999420e+01 3.855595999999999801e+00 6.685330000000000439e-01 5.791759999999999964e-02 2.469567655327081132e-08 7.214513976775311020e-11 1.000000000000000000e+00 1.300000000000000000e+01 5.640000000000000000e+02 4.240000000000000000e+02 0.000000000000000000e+00
8.414944149999999956e-01 5.086676545614374204e-08 2.221492572940406396e-10 -7.609699999999999420e+01 3.849505999999999872e+00 6.685330000000000439e-01 5.782613000000000336e-02 7.236963510602208662e-08 1.240362380998024479e-10 3.000000000000000000e+00 1.300000000000000000e+01 5.640000000000000000e+02 4.240000000000000000e+02 0.000000000000000000e+00
9.256439250000000341e-01 5.063528497475505450e-08 2.355300393322755987e-10 -7.609699999999999420e+01 4.165236000000000161e+00 6.685330000000000439e-01 6.256894000000000344e-02 7.236963510602208662e-08 1.240362380998024479e-10 3.000000000000000000e+00 1.300000000000000000e+01 5.640000000000000000e+02 4.240000000000000000e+02 0.000000000000000000e+00
1.018208660000000210e+00 5.038131011936118219e-08 2.511502300354832536e-10 -7.609699999999999420e+01 4.530774000000000079e+00 6.685330000000000439e-01 6.805993999999999933e-02 7.236963510602208662e-08 1.240362380998024479e-10 3.000000000000000000e+00 1.300000000000000000e+01 5.640000000000000000e+02 4.240000000000000000e+02 0.000000000000000000e+00
1.120029800000000186e+00 5.010278505986228967e-08 2.691914284638679985e-10 -7.609699999999999420e+01 4.914882999999999669e+00 6.685330000000000439e-01 7.382990999999999859e-02 7.236963510602208662e-08 1.240362380998024479e-10 3.000000000000000000e+00 1.300000000000000000e+01 5.640000000000000000e+02 4.240000000000000000e+02 0.000000000000000000e+00
1.232032780000000161e+00 4.979745437100318867e-08 2.898278448957015065e-10 -7.609699999999999420e+01 5.137474000000000096e+00 6.685330000000000439e-01 7.717359000000000024e-02 7.236963510602208662e-08 1.240362380998024479e-10 3.000000000000000000e+00 1.300000000000000000e+01 5.640000000000000000e+02 4.240000000000000000e+02 0.000000000000000000e+00
1.355235509999999977e+00 4.945236432720325094e-08 3.140167621158421956e-10 -7.609699999999999420e+01 5.553531999999999691e+00 6.685330000000000439e-01 8.342349999999999766e-02 7.236963510602208662e-08 1.240362380998024479e-10 3.000000000000000000e+00 1.300000000000000000e+01 5.640000000000000000e+02 4.240000000000000000e+02 0.000000000000000000e+00
1.490759335000000130e+00 4.907775415993068510e-08 3.405740887458590657e-10 -7.609699999999999420e+01 4.944225999999999566e+00 6.685330000000000439e-01 7.455643000000000686e-02 7.236963510602208662e-08 1.240362380998024479e-10 3.000000000000000000e+00 1.300000000000000000e+01 5.640000000000000000e+02 4.240000000000000000e+02 0.000000000000000000e+00
1.639835200000000270e+00 4.861513250891737074e-08 3.697895891266716589e-10 -7.609699999999999420e+01 4.469524999999999970e+00 6.685330000000000439e-01 6.752371999999999541e-02 7.236963510602208662e-08 1.240362380998024479e-10 3.000000000000000000e+00 1.300000000000000000e+01 5.640000000000000000e+02 4.240000000000000000e+02 0.000000000000000000e+00
1.803818720000000209e+00 4.805948953576461883e-08 3.987615427635704748e-10 -7.609699999999999420e+01 2.262564999999999937e+00 6.685330000000000439e-01 3.445932000000000162e-02 1.616816068440461552e-07 1.869159062477287426e-10 7.000000000000000000e+00 1.300000000000000000e+01 5.640000000000000000e+02 4.240000000000000000e+02 0.000000000000000000e+00
1.984201140000000363e+00 4.693218607824425760e-08 4.178924352364592789e-10 -7.609699999999999420e+01 3.677392999999999912e+00 6.685330000000000439e-01 5.250110999999999667e-02 2.038982067981518107e-07 2.106833341589115692e-10 9.000000000000000000e+00 1.400000000000000000e+01 5.640000000000000000e+02 4.240000000000000000e+02 0.000000000000000000e+00
2.182620980000000266e+00 4.615260732057411792e-08 4.465201817233096245e-10 -7.609699999999999420e+01 2.221130000000000049e+00 6.685330000000000439e-01 3.221761000000000069e-02 2.510975356728711912e-07 2.334609868404697099e-10 1.100000000000000000e+01 1.400000000000000000e+01 5.640000000000000000e+02 4.240000000000000000e+02 0.000000000000000000e+00
2.400883214999999904e+00 4.483682615787994395e-08 4.563419294244690948e-10 -7.609699999999999420e+01 3.026969999999999938e+00 6.685330000000000439e-01 4.246686000000000211e-02 2.883666210001839705e-07 2.515790159829691002e-10 1.300000000000000000e+01 1.500000000000000000e+01 5.640000000000000000e+02 4.240000000000000000e+02 0.000000000000000000e+00
2.640971605000000277e+00 4.361986455658738036e-08 4.824819241316528481e-10 -7.609699999999999420e+01 2.497666999999999859e+00 6.685330000000000439e-01 3.540506999999999682e-02 3.713627780243868497e-07 2.863556489787169491e-10 1.700000000000000000e+01 1.500000000000000000e+01 5.640000000000000000e+02 4.240000000000000000e+02 0.000000000000000000e+00
2.905068560000000133e+00 4.204800280961066209e-08 4.879596123840068604e-10 -7.609699999999999420e+01 2.687021000000000104e+00 6.685330000000000439e-01 3.732226000000000293e-02 4.040057728110588143e-07 3.002808493638936972e-10 1.900000000000000000e+01 1.600000000000000000e+01 5.640000000000000000e+02 4.240000000000000000e+02 0.000000000000000000e+00
3.195575690000000080e+00 4.046745867337727136e-08 4.902461672909789826e-10 -7.609699999999999420e+01 2.697640999999999956e+00 6.685330000000000439e-01 3.677376000000000256e-02 4.040057728110588143e-07 3.002808493638936972e-10 1.900000000000000000e+01 1.700000000000000000e+01 5.640000000000000000e+02 4.240000000000000000e+02 0.000000000000000000e+00
3.515132985000000154e+00 3.880209657588832703e-08 4.879540340010077076e-10 -7.609699999999999420e+01 2.765813000000000077e+00 6.685330000000000439e-01 3.808046999999999821e-02 5.498697931870432216e-07 3.533987526237612796e-10 2.700000000000000000e+01 1.800000000000000000e+01 5.640000000000000000e+02 4.240000000000000000e+02 0.000000000000000000e+00
3.866646900000000109e+00 3.715577585621743442e-08 4.764813566191210877e-10 -7.609699999999999420e+01 2.438308999999999838e+00 6.685330000000000439e-01 3.430111000000000271e-02 6.496690686311079708e-07 3.868436407905687841e-10 3.300000000000000000e+01 1.900000000000000000e+01 5.640000000000000000e+02 4.240000000000000000e+02 0.000000000000000000e+00
4.253311590000000919e+00 3.529126769250253664e-08 4.566425164577903059e-10 -7.609699999999999420e+01 2.482909999999999950e+00 6.685330000000000439e-01 3.464816999999999897e-02 7.826779518342280292e-07 4.273759072234615219e-10 4.100000000000000000e+01 2.100000000000000000e+01 5.640000000000000000e+02 4.240000000000000000e+02 0.000000000000000000e+00
4.678642475000000189e+00 3.347811536225287416e-08 4.216340251067393984e-10 -7.609699999999999420e+01 2.444141000000000119e+00 6.685330000000000439e-01 3.425034999999999885e-02 8.721943725174939395e-07 4.539071679111878985e-10 4.700000000000000000e+01 2.300000000000000000e+01 5.640000000000000000e+02 4.240000000000000000e+02 0.000000000000000000e+00
5.146507065000000658e+00 3.174509050710860632e-08 3.924092072858655092e-10 -7.609699999999999420e+01 1.973460999999999910e+00 6.685330000000000439e-01 2.796707999999999833e-02 1.037707172777700976e-06 5.009849633023528803e-10 5.900000000000000000e+01 2.500000000000000000e+01 5.640000000000000000e+02 4.240000000000000000e+02 0.000000000000000000e+00
5.661157840000000441e+00 2.974103539054791580e-08 3.504331437718853046e-10 -7.609699999999999420e+01 2.054517999999999844e+00 6.685330000000000439e-01 2.864826999999999999e-02 1.230282064184195413e-06 5.507835285165122066e-10 7.300000000000000000e+01 2.800000000000000000e+01 5.640000000000000000e+02 4.240000000000000000e+02 0.000000000000000000e+00
6.227274035000000652e+00 2.793671514592139902e-08 3.153781020358722419e-10 -7.609699999999999420e+01 1.981122999999999967e+00 6.685330000000000439e-01 2.747700999999999963e-02 1.381150026346619214e-06 5.885213132576376309e-10 8.500000000000000000e+01 3.100000000000000000e+01 5.640000000000000000e+02 4.240000000000000000e+02 0.000000000000000000e+00
6.850000000000000533e+00 2.620517727468431007e-08 2.792640741061781311e-10 -7.609699999999999420e+01 1.958072999999999952e+00 6.685330000000000439e-01 2.722965999999999928e-02 1.568653029237506858e-06 6.339218759491995725e-10 1.010000000000000000e+02 3.400000000000000000e+01 5.640000000000000000e+02 4.240000000000000000e+02 0.000000000000000000e+00
7.535000000000000142e+00 2.465581988147052534e-08 2.475428292635166374e-10 -7.609699999999999420e+01 1.722429999999999906e+00 6.685330000000000439e-01 2.418392000000000111e-02 1.877705753309040444e-06 7.045770515436369494e-10 1.290000000000000000e+02 3.700000000000000000e+01 5.640000000000000000e+02 4.240000000000000000e+02 0.000000000000000000e+00
8.288500000000000867e+00 2.315897597362285941e-08 2.192745133607000905e-10 -7.609699999999999420e+01 1.627054999999999918e+00 6.685330000000000439e-01 2.269880000000000161e-02 2.074773276828796395e-06 7.463308413800960156e-10 1.470000000000000000e+02 4.100000000000000000e+01 5.640000000000000000e+02 4.240000000000000000e+02 0.000000000000000000e+00
9.117350000000001842e+00 2.182118944505404789e-08 1.979445471934535423e-10 -7.609699999999999420e+01 1.516559999999999908e+00 6.685330000000000439e-01 2.120038999999999951e-02 2.476828730326896673e-06 8.287547795144056385e-10 1.870000000000000000e+02 4.500000000000000000e+01 5.640000000000000000e+02 4.240000000000000000e+02 0.000000000000000000e+00
1.002908500000000025e+01 2.061859869494492755e-08 1.803583762773523969e-10 -7.609699999999999420e+01 1.321974999999999900e+00 6.685330000000000439e-01 1.865170000000000022e-02 2.775570034851420243e-06 8.874852255557889928e-10 2.190000000000000000e+02 4.900000000000000000e+01 5.640000000000000000e+02 4.240000000000000000e+02 0.000000000000000000e+00
1.103199350000000045e+01 1.948118574280733009e-08 1.643290870475873508e-10 -7.609699999999999420e+01 1.160406999999999966e+00 6.685330000000000439e-01 1.634516999999999914e-02 3.244808460692389747e-06 9.742962423943529033e-10 2.710000000000000000e+02 5.400000000000000000e+01 5.640000000000000000e+02 4.240000000000000000e+02 0.000000000000000000e+00
1.213519285000000281e+01 1.844654433614681173e-08 1.510584322172635819e-10 -7.609699999999999420e+01 9.215967999999999938e-01 6.685330000000000439e-01 1.306375000000000071e-02 3.722918359890220792e-06 1.058142953301562310e-09 3.270000000000000000e+02 5.900000000000000000e+01 5.640000000000000000e+02 4.240000000000000000e+02 0.000000000000000000e+00
1.334871829999999981e+01 1.742733163499294041e-08 1.406651583301943192e-10 -7.609699999999999420e+01 6.690979999999999706e-01 6.685330000000000439e-01 9.471191999999999805e-03 4.246626555109401088e-06 1.145158110551174493e-09 3.910000000000000000e+02 6.500000000000000000e+01 5.640000000000000000e+02 4.240000000000000000e+02 0.000000000000000000e+00
1.468358465000000201e+01 1.632520710631688761e-08 1.348941580451344333e-10 -7.609699999999999420e+01 5.724116999999999678e-01 6.685330000000000439e-01 8.156963999999999188e-03 4.894076935919721238e-06 1.248070434375106599e-09 4.750000000000000000e+02 7.100000000000000000e+01 5.640000000000000000e+02 4.240000000000000000e+02 0.000000000000000000e+00
1.615194380000000152e+01 1.523924978522219193e-08 1.291447219611862863e-10 -7.609699999999999420e+01 5.052938000000000152e-01 6.685330000000000439e-01 7.123509000000000091e-03 5.667351922063488534e-06 1.366172212680125331e-09 5.830000000000000000e+02 7.900000000000000000e+01 5.640000000000000000e+02 4.240000000000000000e+02 0.000000000000000000e+00
1.776713954999999956e+01 1.420710331800323624e-08 1.245406979500280218e-10 -7.609699999999999420e+01 4.240979999999999750e-01 6.685330000000000439e-01 6.037673999999999819e-03 6.480560947605504199e-06 1.485640440465051224e-09 7.050000000000000000e+02 8.600000000000000000e+01 5.640000000000000000e+02 4.240000000000000000e+02 0.000000000000000000e+00
1.954385830000000013e+01 1.311047763585639488e-08 1.202312971514796472e-10 -7.609699999999999420e+01 4.186683999999999961e-01 6.685330000000000439e-01 5.936600000000000210e-03 7.364383061211635865e-06 1.610991107333124023e-09 8.470000000000000000e+02 9.500000000000000000e+01 5.640000000000000000e+02 4.240000000000000000e+02 0.000000000000000000e+00
2.149823865000000112e+01 1.203290331128536727e-08 1.162872103123945278e-10 -7.609699999999999420e+01 4.130006999999999984e-01 6.685330000000000439e-01 5.883105999999999926e-03 8.409842997932129633e-06 1.755310731163967360e-09 1.029000000000000000e+03 1.040000000000000000e+02 5.640000000000000000e+02 4.240000000000000000e+02 0.000000000000000000e+00
2.364806320000000284e+01 1.092713617102462042e-08 1.136315320002061022e-10 -7.609699999999999420e+01 5.098310000000000342e-01 6.685330000000000439e-01 7.226513999999999854e-03 9.503991378611788857e-06 1.902386107245447950e-09 1.235000000000000000e+03 1.150000000000000000e+02 5.640000000000000000e+02 4.240000000000000000e+02 0.000000000000000000e+00
2.601287500000000463e+01 9.814360246884622009e-09 1.119645069183014172e-10 -7.609699999999999420e+01 4.823693000000000008e-01 6.685330000000000439e-01 6.812224000000000404e-03 1.079727940049946459e-05 2.073094883833591863e-09 1.501000000000000000e+03 1.270000000000000000e+02 5.640000000000000000e+02 4.240000000000000000e+02 0.000000000000000000e+00
2.861416250000000261e+01 8.434920205350940524e-09 1.082205123071558011e-10 -7.609699999999999420e+01 3.250778999999999752e-01 6.685330000000000439e-01 4.612576999999999650e-03 1.215103017756746876e-05 2.252087667272985685e-09 1.813000000000000000e+03 1.390000000000000000e+02 5.640000000000000000e+02 4.240000000000000000e+02 0.000000000000000000e+00
3.147557875000000394e+01 6.950312478500505230e-09 1.049029762250423114e-10 -7.609699999999999420e+01 2.680222999999999911e-01 6.685330000000000439e-01 3.800696000000000109e-03 1.356533642830219167e-05 2.450763635975709250e-09 2.205000000000000000e+03 1.530000000000000000e+02 5.640000000000000000e+02 4.240000000000000000e+02 0.000000000000000000e+00
3.462313319999999806e+01 5.782283625487538526e-09 1.032188393746713957e-10 -7.609699999999999420e+01 3.449847999999999804e-01 6.685330000000000439e-01 4.873152999999999860e-03 1.494851174481869413e-05 2.659563780574241759e-09 2.669000000000000000e+03 1.690000000000000000e+02 5.640000000000000000e+02 4.240000000000000000e+02 0.000000000000000000e+00
3.808545200000000364e+01 4.933812604005273405e-09 1.015998789779868285e-10 -7.609699999999999420e+01 3.722594000000000181e-01 6.685330000000000439e-01 5.255840999999999812e-03 1.636934200541395086e-05 2.885139712282908452e-09 3.227000000000000000e+03 1.860000000000000000e+02 5.640000000000000000e+02 4.240000000000000000e+02 0.000000000000000000e+00
4.189399720000000116e+01 4.235188643359366038e-09 1.000572096647799062e-10 -7.609699999999999420e+01 4.414090999999999987e-01 6.685330000000000439e-01 6.249239000000000183e-03 1.784147743169537864e-05 3.129622714880987312e-09 3.897000000000000000e+03 2.040000000000000000e+02 5.640000000000000000e+02 4.240000000000000000e+02 0.000000000000000000e+00
4.608339555000000587e+01 3.783164497118047511e-09 9.925671447220001222e-11 -7.609699999999999420e+01 6.244001999999999608e-01 6.685330000000000439e-01 8.817999999999999450e-03 1.939025826695847760e-05 3.396706134797398856e-09 4.705000000000000000e+03 2.250000000000000000e+02 5.640000000000000000e+02 4.240000000000000000e+02 0.000000000000000000e+00
5.069173304999999630e+01 3.459027952724180758e-09 9.856914380694003762e-11 -7.609699999999999420e+01 4.182716000000000212e-01 6.685330000000000439e-01 5.918116000000000175e-03 2.110889374998586304e-05 3.696561503440506347e-09 5.703000000000000000e+03 2.470000000000000000e+02 5.640000000000000000e+02 4.240000000000000000e+02 0.000000000000000000e+00
5.576091114999999832e+01 3.055489461614519901e-09 9.799092929489674068e-11 -7.609699999999999420e+01 2.711625999999999759e-01 6.685330000000000439e-01 3.832737000000000123e-03 2.296574533626009196e-05 4.024174231995573843e-09 6.903000000000000000e+03 2.720000000000000000e+02 5.640000000000000000e+02 4.240000000000000000e+02 0.000000000000000000e+00
6.133700295000000580e+01 2.441967885320499797e-09 9.695729422566255709e-11 -7.609699999999999420e+01 2.226704999999999934e-01 6.685330000000000439e-01 3.149290999999999809e-03 2.482331806631735623e-05 4.379461334338301773e-09 8.343000000000000000e+03 2.990000000000000000e+02 5.640000000000000000e+02 4.240000000000000000e+02 0.000000000000000000e+00
6.747070530000000588e+01 1.790572130327698485e-09 9.573180023698881633e-11 -7.609699999999999420e+01 1.893154999999999977e-01 6.685330000000000439e-01 2.676786999999999916e-03 2.651964866579055701e-05 4.769514750116509080e-09 1.010100000000000000e+04 3.290000000000000000e+02 5.640000000000000000e+02 4.240000000000000000e+02 0.000000000000000000e+00
7.421776350000000377e+01 1.345256377256868879e-09 9.502951769205479759e-11 -7.609699999999999420e+01 2.075635000000000119e-01 6.685330000000000439e-01 2.934049000000000205e-03 2.806553181421637589e-05 5.196887168874788941e-09 1.223300000000000000e+04 3.620000000000000000e+02 5.640000000000000000e+02 4.240000000000000000e+02 0.000000000000000000e+00
8.163953300000000013e+01 1.028825203834340487e-09 9.452301183807043250e-11 -7.609699999999999420e+01 1.794779999999999986e-01 6.685330000000000439e-01 2.538231000000000168e-03 2.950710760200380507e-05 5.662401703100064831e-09 1.479100000000000000e+04 3.980000000000000000e+02 5.640000000000000000e+02 4.240000000000000000e+02 0.000000000000000000e+00
8.980349999999999966e+01 7.715888638048791424e-10 9.411448799953789486e-11 -7.609699999999999420e+01 1.922413000000000038e-01 6.685330000000000439e-01 2.717578000000000008e-03 3.086227725287868590e-05 6.176409621626049043e-09 1.789700000000000000e+04 4.380000000000000000e+02 5.640000000000000000e+02 4.240000000000000000e+02 0.000000000000000000e+00
9.878385000000001526e+01 5.830942928404339804e-10 9.383325217832915791e-11 -7.609699999999999420e+01 2.171566000000000052e-01 6.685330000000000439e-01 3.074555000000000083e-03 3.209241555658145899e-05 6.740969884610008683e-09 2.164700000000000000e+04 4.810000000000000000e+02 5.640000000000000000e+02 4.240000000000000000e+02 0.000000000000000000e+00
1.086622350000000097e+02 4.170741363656340938e-10 9.357351353307446338e-11 -7.609699999999999420e+01 2.309820999999999958e-01 6.685330000000000439e-01 3.270878999999999974e-03 3.318383389293963519e-05 7.365501526886728585e-09 2.620500000000000000e+04 5.290000000000000000e+02 5.640000000000000000e+02 4.240000000000000000e+02 0.000000000000000000e+00
1.195284585000000135e+02 2.832166434223992495e-10 9.336011447693711833e-11 -7.609699999999999420e+01 2.715365000000000140e-01 6.685330000000000439e-01 4.027094000000000160e-03 3.404979084000907204e-05 8.025607571255003068e-09 3.148900000000000000e+04 5.460000000000000000e+02 5.640000000000000000e+02 4.240000000000000000e+02 0.000000000000000000e+00
1.314812975000000108e+02 2.046447131600271663e-10 9.323478066632185298e-11 -7.609699999999999420e+01 2.408495999999999970e-01 6.685330000000000439e-01 3.535350999999999945e-03 3.474121600677854967e-05 8.721229183741848849e-09 3.756900000000000000e+04 5.960000000000000000e+02 5.640000000000000000e+02 4.240000000000000000e+02 0.000000000000000000e+00
1.446294615000000192e+02 1.258230893583429433e-10 9.311183623001828975e-11 -7.609699999999999420e+01 3.204227000000000047e-01 6.685330000000000439e-01 4.727501999999999746e-03 3.531198726279396528e-05 9.485469685226487495e-09 4.484900000000000000e+04 6.340000000000000000e+02 5.640000000000000000e+02 4.240000000000000000e+02 0.000000000000000000e+00
1.590924145000000181e+02 8.447679325655221781e-11 9.304856666180222843e-11 -7.609699999999999420e+01 7.149537000000000253e-01 6.685330000000000439e-01 1.052996999999999961e-02 3.572659436431831811e-05 1.032440344752064265e-08 5.356300000000000000e+04 6.890000000000000000e+02 5.640000000000000000e+02 4.240000000000000000e+02 0.000000000000000000e+00
1.750016765000000021e+02 6.480580250078814542e-11 9.301785143321029298e-11 -7.609699999999999420e+01 7.992006000000000387e-01 6.685330000000000439e-01 1.216568999999999984e-02 3.609180405325524826e-05 1.117516390767988406e-08 6.316000000000000000e+04 6.810000000000000000e+02 5.640000000000000000e+02 4.240000000000000000e+02 0.000000000000000000e+00
1.925018510000000163e+02 4.883362932545314777e-11 9.299255527844516467e-11 -7.609699999999999420e+01 9.789432999999999607e-01 6.685330000000000439e-01 1.432214000000000056e-02 3.642663204826801873e-05 1.210676107649102946e-08 7.454700000000000000e+04 7.800000000000000000e+02 5.640000000000000000e+02 4.240000000000000000e+02 0.000000000000000000e+00
2.117519950000000222e+02 3.746575711219664003e-11 9.297514899039861366e-11 -7.609699999999999420e+01 1.136011000000000104e+00 6.685330000000000439e-01 1.780785999999999827e-02 3.676048977709998747e-05 1.314165943293960761e-08 8.827000000000000000e+04 8.010000000000000000e+02 5.640000000000000000e+02 4.240000000000000000e+02 0.000000000000000000e+00
2.329271945000000130e+02 2.904839030278079760e-11 9.296163562491443002e-11 -7.609699999999999420e+01 2.579578000000000149e+00 6.685330000000000439e-01 3.910562000000000066e-02 3.708551770906644111e-05 1.418007551475312638e-08 1.031730000000000000e+05 9.240000000000000000e+02 5.640000000000000000e+02 4.240000000000000000e+02 0.000000000000000000e+00
2.562199345000000221e+02 2.938427900992022311e-11 9.296182121105723272e-11 -7.609699999999999420e+01 7.465893000000000113e-01 6.685330000000000439e-01 1.099606000000000021e-02 3.753366080615294854e-05 1.556380468006025734e-08 1.247940000000000000e+05 1.103000000000000000e+03 5.640000000000000000e+02 4.240000000000000000e+02 0.000000000000000000e+00
2.818419485000000577e+02 1.702509749822434897e-11 9.294269697586339041e-11 -7.609699999999999420e+01 1.651872999999999925e+00 6.685330000000000439e-01 2.481422999999999962e-02 3.801708188248530151e-05 1.710154957441135493e-08 1.511860000000000000e+05 1.185000000000000000e+03 5.640000000000000000e+02 4.240000000000000000e+02 0.000000000000000000e+00
3.100261365000000069e+02 1.267788507596279925e-11 9.293609068554310561e-11 -7.609699999999999420e+01 2.512156000000000056e+00 6.685330000000000439e-01 4.359433000000000058e-02 3.844261665369853149e-05 1.854579399725100084e-08 1.782410000000000000e+05 1.111000000000000000e+03 5.640000000000000000e+02 4.240000000000000000e+02 0.000000000000000000e+00
